204
Acystopteris_tenuisectaB_UNK__3    0.0000000 0.0046705 0.0078063 0.0062339 0.0141725 0.0125751 0.0016877 0.0085094 0.2535618 0.1515809 0.1538844 0.1461965 0.1515809 0.0034800 0.0105261 0.0122972 0.0105261 0.0034800 0.2340055 0.2089147 0.2124871 0.2129600 0.0056846 0.0095066 0.0056846 0.0095066 0.0056332 0.0075369 0.0094215 0.0098381 0.0094165 0.0075459 0.0094023 0.0097563 0.0097695 0.0719586 0.0699112 0.0813654 0.0714212 0.0598974 0.0675301 0.0599964 0.0563003 0.0675461 0.0656631 0.0617697 0.0754083 0.0675461 0.0656908 0.0598974 0.0657748 0.0347419 0.0412067 0.0355112 0.0452457 0.0458326 0.0435640 0.0364131 0.0381687 0.0418595 0.0441288 0.0441560 0.0437035 0.0454539 0.0454539 0.0418923 0.0625893 0.0845327 0.0739511 0.0668516 0.0657795 0.0637474 0.0596764 0.0679086 0.0678212 0.0680117 0.0363812 0.0619455 0.0286548 0.0339332 0.0459384 0.0440545 0.0424997 0.0425336 0.0938627 0.0879589 0.0908695 0.0883473 0.1324950 0.1263512 0.1208861 0.0519453 0.0724483 0.0724483 0.0567745 0.0522418 0.0295617 0.0276622 0.0310595 0.0302620 0.0280467 0.1041618 0.1027388 0.1066261 0.1002965 0.1270003 0.1272964 0.1296730 0.0751459 0.0752559 0.0724765 0.0648772 0.0538225 0.0327992 0.0373673 0.0293501 0.0612112 0.0635228 0.0628896 0.0583404 0.0988702 0.1169737 0.1391525 0.0490685 0.0451404 0.0471855 0.0492011 0.0391374 0.0352069 0.0312994 0.0372655 0.1014050 0.0380460 0.0380460 0.0366420 0.0390014 0.0366309 0.0333191 0.0283748 0.0424977 0.0402546 0.0447088 0.0402147 0.0348582 0.0324661 0.0348582 0.0300110 0.0377448 0.0378508 0.0378408 0.0377349 0.0357009 0.0357199 0.0381303 0.0902651 0.0593056 0.0545251 0.0635555 0.0611785 0.0691311 0.0691311 0.0589877 0.0564673 0.0421362 0.0277588 0.0278107 0.0418787 0.0425970 0.0405246 0.0400508 0.0414410 0.0455705 0.0476372 0.0455605 0.0435733 0.0414409 0.0435625 0.0436040 0.0418970 0.0372743 0.0372743 0.0436235 0.0456886 0.0457123 0.0429764 0.0430904 0.0399618 0.0414884 0.0393788 0.0436235 0.0394080 0.0413933 0.0372743 0.0350323 0.0309961 0.0393231 0.0436537 0.0393060 0.0413431 0.0371722 0.0438558 0.0399245 0.0378241 0.0357111 
Acystopteris_tenuisectaB_UNK__1    0.0046705 0.0000000 0.0031082 0.0046678 0.0125777 0.0141672 0.0067826 0.0033866 0.2535618 0.1579227 0.1602175 0.1523939 0.1579227 0.0052281 0.0123001 0.0140764 0.0123001 0.0052281 0.2340055 0.2089147 0.2124871 0.2129600 0.0000010 0.0075906 0.0037819 0.0114277 0.0000010 0.0018739 0.0113252 0.0118269 0.0113191 0.0094497 0.0113020 0.0117283 0.0117442 0.0738779 0.0718203 0.0837744 0.0771651 0.0617576 0.0694187 0.0618598 0.0581525 0.0694352 0.0675461 0.0636361 0.0773291 0.0694352 0.0675747 0.0617576 0.0676614 0.0364509 0.0412067 0.0355112 0.0469929 0.0476034 0.0453085 0.0381254 0.0398882 0.0436001 0.0458968 0.0459252 0.0454539 0.0472095 0.0472095 0.0436344 0.0645376 0.0895788 0.0802284 0.0688243 0.0677741 0.0657338 0.0616453 0.0698085 0.0697185 0.0699147 0.0381734 0.0640595 0.0303861 0.0356848 0.0477134 0.0458195 0.0442680 0.0443034 0.0938627 0.0879589 0.0908695 0.0883473 0.1324950 0.1263512 0.1208861 0.0519453 0.0777669 0.0777669 0.0634595 0.0588579 0.0314619 0.0295557 0.0270568 0.0302620 0.0280467 0.1078179 0.1063380 0.1102629 0.1039160 0.1301014 0.1304059 0.1327819 0.0778730 0.0779875 0.0751907 0.0713661 0.0603850 0.0387997 0.0438517 0.0340133 0.0658585 0.0681889 0.0650376 0.0605381 0.0964320 0.1144320 0.1364735 0.0510425 0.0471015 0.0491569 0.0511810 0.0410709 0.0371221 0.0333146 0.0394096 0.0981826 0.0380460 0.0380460 0.0366420 0.0390014 0.0366309 0.0333191 0.0235387 0.0424977 0.0402546 0.0447088 0.0402147 0.0348582 0.0324661 0.0348582 0.0300110 0.0377448 0.0378508 0.0378408 0.0377349 0.0357009 0.0357199 0.0381303 0.0902651 0.0593056 0.0545251 0.0635555 0.0611785 0.0691311 0.0691311 0.0589877 0.0564673 0.0421362 0.0277588 0.0278107 0.0439524 0.0447074 0.0426290 0.0421297 0.0434922 0.0476372 0.0497112 0.0476267 0.0456358 0.0434921 0.0456244 0.0456680 0.0439711 0.0393060 0.0393060 0.0456886 0.0477610 0.0477858 0.0451063 0.0452263 0.0420359 0.0435421 0.0414217 0.0456886 0.0414524 0.0434419 0.0393060 0.0371623 0.0329912 0.0413630 0.0457203 0.0413449 0.0433891 0.0391981 0.0459323 0.0419965 0.0398867 0.0377629 
Acystopteris_tenuisectaD_UNK__2    0.0078063 0.0031082 0.0000000 0.0015510 0.0094029 0.0109825 0.0102064 0.0067935 0.2580517 0.1642711 0.1665561 0.1585999 0.1642711 0.0087417 0.0158644 0.0140733 0.0158644 0.0087417 0.2375933 0.2123339 0.2159236 0.2164062 0.0037809 0.0114248 0.0075907 0.0152891 0.0037475 0.0056406 0.0151515 0.0138258 0.0151434 0.0132746 0.0151204 0.0137103 0.0137290 0.0777320 0.0756540 0.0885310 0.0810130 0.0654931 0.0732111 0.0656020 0.0618720 0.0732285 0.0713275 0.0673842 0.0811860 0.0732285 0.0713577 0.0654931 0.0714497 0.0398829 0.0430769 0.0373543 0.0505011 0.0511593 0.0488114 0.0415640 0.0433411 0.0470955 0.0494472 0.0494779 0.0489687 0.0507350 0.0507350 0.0471327 0.0684508 0.0895508 0.0844360 0.0727864 0.0717804 0.0697237 0.0656002 0.0736239 0.0735285 0.0737362 0.0417732 0.0661959 0.0338655 0.0392025 0.0512778 0.0493638 0.0478192 0.0478576 0.0938318 0.0879303 0.0908398 0.0883184 0.1324950 0.1263512 0.1208861 0.0519453 0.0777410 0.0777410 0.0679466 0.0632995 0.0352801 0.0333604 0.0270568 0.0324957 0.0302703 0.1078179 0.1063380 0.1102629 0.1039160 0.1300546 0.1303588 0.1327342 0.0832692 0.0833926 0.0805629 0.0757188 0.0647902 0.0428283 0.0438517 0.0340133 0.0705251 0.0728737 0.0693540 0.0649553 0.1012091 0.1193946 0.1416802 0.0550103 0.0510409 0.0531182 0.0551597 0.0430194 0.0390522 0.0353446 0.0394096 0.0981826 0.0426934 0.0426934 0.0413924 0.0437699 0.0413797 0.0333191 0.0235387 0.0469261 0.0446616 0.0491541 0.0446170 0.0348582 0.0324661 0.0348582 0.0300110 0.0377448 0.0378508 0.0378408 0.0377349 0.0380194 0.0380396 0.0404666 0.0902366 0.0639493 0.0591172 0.0682055 0.0658050 0.0737362 0.0737362 0.0613979 0.0588610 0.0444538 0.0318371 0.0318971 0.0481200 0.0489499 0.0468586 0.0463079 0.0476143 0.0517903 0.0538799 0.0517788 0.0497807 0.0476141 0.0497683 0.0498160 0.0481413 0.0433891 0.0433891 0.0498386 0.0519258 0.0519525 0.0472547 0.0473810 0.0462043 0.0476692 0.0455273 0.0498386 0.0455612 0.0475590 0.0433891 0.0393093 0.0370008 0.0454625 0.0498733 0.0454423 0.0475007 0.0432694 0.0501052 0.0461618 0.0440320 0.0418865 
Acystopteris_tenuisectaD_UNK__4    0.0062339 0.0046678 0.0015510 0.0000000 0.0109825 0.0093975 0.0084888 0.0085041 0.2580517 0.1609769 0.1632649 0.1553827 0.1609769 0.0069794 0.0140733 0.0122894 0.0140733 0.0069794 0.2337393 0.2086851 0.2122525 0.2127249 0.0056806 0.0095000 0.0095024 0.0133489 0.0056293 0.0075316 0.0132290 0.0118240 0.0132219 0.0113536 0.0132019 0.0117255 0.0117414 0.0757679 0.0737011 0.0861007 0.0790506 0.0635945 0.0712803 0.0637000 0.0599830 0.0712972 0.0694031 0.0654784 0.0792189 0.0712972 0.0694325 0.0635945 0.0695218 0.0381488 0.0411974 0.0355033 0.0487241 0.0493578 0.0470377 0.0398258 0.0415950 0.0453264 0.0476492 0.0476787 0.0471889 0.0489491 0.0489491 0.0453621 0.0664605 0.0895508 0.0822883 0.0707693 0.0697412 0.0676938 0.0635900 0.0716812 0.0715886 0.0717903 0.0399536 0.0640433 0.0321101 0.0374252 0.0494720 0.0475689 0.0460215 0.0460583 0.0911062 0.0852508 0.0881383 0.0856255 0.1324950 0.1263512 0.1208861 0.0519453 0.0777410 0.0777410 0.0656643 0.0610427 0.0333526 0.0314406 0.0270568 0.0302538 0.0280391 0.1041618 0.1027388 0.1066261 0.1002965 0.1269548 0.1272506 0.1296265 0.0805147 0.0806334 0.0778222 0.0735012 0.0625511 0.0407909 0.0416644 0.0316630 0.0681500 0.0704881 0.0671580 0.0627101 0.1012091 0.1193946 0.1416802 0.0529986 0.0490451 0.0511098 0.0531422 0.0410613 0.0371134 0.0333064 0.0372473 0.0981826 0.0403427 0.0403427 0.0389902 0.0413573 0.0389783 0.0308551 0.0259400 0.0446842 0.0424316 0.0469024 0.0423895 0.0324483 0.0300674 0.0324483 0.0276296 0.0352907 0.0353893 0.0353801 0.0352815 0.0356909 0.0357099 0.0381195 0.0876245 0.0615893 0.0567859 0.0658400 0.0634528 0.0713908 0.0713908 0.0589708 0.0564512 0.0421245 0.0297797 0.0298356 0.0460097 0.0468006 0.0447175 0.0441931 0.0455273 0.0496856 0.0517658 0.0496747 0.0476812 0.0455272 0.0476692 0.0477148 0.0460302 0.0413238 0.0413238 0.0477364 0.0498151 0.0498408 0.0450947 0.0452146 0.0440945 0.0455796 0.0434496 0.0477364 0.0434819 0.0454746 0.0413238 0.0371527 0.0349757 0.0433880 0.0477696 0.0433689 0.0454191 0.0412102 0.0479912 0.0440531 0.0419350 0.0398015 
Acystopteris_tenuisectaD_UNK__1    0.0141725 0.0125777 0.0094029 0.0109825 0.0000000 0.0015510 0.0171705 0.0172021 0.2616341 0.1670653 0.1693412 0.1613429 0.1670653 0.0140760 0.0069809 0.0052247 0.0069809 0.0140760 0.2332060 0.2082260 0.2117838 0.2122541 0.0133759 0.0172567 0.0095191 0.0133725 0.0132555 0.0152021 0.0132522 0.0118456 0.0170918 0.0190954 0.0132250 0.0117468 0.0038793 0.0736377 0.0715878 0.0907788 0.0788297 0.0615620 0.0691953 0.0616626 0.0579677 0.0692116 0.0673291 0.0634341 0.0789979 0.0692116 0.0673574 0.0615620 0.0674445 0.0363436 0.0410850 0.0354075 0.0468521 0.0474588 0.0451729 0.0380131 0.0397702 0.0434698 0.0457576 0.0457858 0.0453174 0.0470674 0.0470674 0.0435039 0.0643236 0.0815721 0.0820383 0.0685937 0.0675444 0.0655117 0.0614386 0.0695834 0.0694930 0.0696888 0.0380557 0.0617396 0.0302959 0.0355771 0.0475682 0.0456807 0.0441337 0.0441688 0.0963120 0.0903831 0.0933055 0.0907817 0.1377277 0.1315035 0.1259855 0.0519453 0.0721835 0.0721835 0.0679456 0.0632986 0.0333087 0.0313994 0.0350474 0.0324293 0.0302084 0.1110996 0.1095736 0.1135193 0.1071777 0.1327739 0.1330848 0.1354531 0.0858018 0.0859295 0.0830904 0.0733928 0.0624574 0.0407345 0.0416025 0.0339405 0.0703762 0.0727194 0.0670595 0.0626158 0.1034182 0.1216562 0.1440114 0.0529268 0.0489788 0.0510402 0.0530700 0.0410067 0.0370641 0.0332601 0.0371924 0.0947836 0.0449471 0.0449471 0.0436988 0.0460806 0.0436854 0.0357048 0.0258973 0.0468310 0.0445714 0.0490542 0.0445271 0.0347814 0.0323949 0.0347814 0.0299455 0.0401111 0.0402236 0.0402131 0.0401006 0.0379389 0.0379591 0.0403804 0.0951994 0.0638145 0.0589937 0.0680618 0.0656670 0.0758951 0.0735828 0.0612646 0.0587339 0.0443611 0.0317773 0.0318370 0.0459439 0.0467325 0.0446525 0.0441297 0.0454629 0.0496149 0.0516919 0.0496040 0.0476134 0.0454628 0.0476016 0.0476470 0.0459644 0.0412659 0.0412659 0.0476685 0.0497441 0.0497696 0.0450286 0.0451482 0.0440314 0.0455152 0.0433884 0.0476685 0.0434206 0.0454104 0.0412659 0.0370981 0.0349275 0.0433269 0.0477016 0.0433079 0.0453550 0.0411525 0.0479226 0.0439900 0.0418752 0.0397450 
Acystopteris_tenuisectaD_UNK__3    0.0125751 0.0141672 0.0109825 0.0093975 0.0015510 0.0000000 0.0154232 0.0189476 0.2616341 0.1637627 0.1660421 0.1581184 0.1637627 0.0122918 0.0052247 0.0034763 0.0052247 0.0122918 0.2293887 0.2046109 0.2081466 0.2086070 0.0153094 0.0153058 0.0114399 0.0114372 0.0151715 0.0171276 0.0113345 0.0098491 0.0151598 0.0171484 0.0113113 0.0097671 0.0019349 0.0716946 0.0696558 0.0883422 0.0768813 0.0596833 0.0672849 0.0597806 0.0560986 0.0673008 0.0654251 0.0615484 0.0770449 0.0673008 0.0654525 0.0596833 0.0655359 0.0346263 0.0392186 0.0335693 0.0450927 0.0456755 0.0434168 0.0362919 0.0380412 0.0417182 0.0439777 0.0440047 0.0435553 0.0452994 0.0452994 0.0417508 0.0623551 0.0815721 0.0799072 0.0665989 0.0655280 0.0635044 0.0594506 0.0676614 0.0675738 0.0677638 0.0362542 0.0596126 0.0285581 0.0338176 0.0457806 0.0439039 0.0423541 0.0423877 0.0935783 0.0876957 0.0905960 0.0880821 0.1377277 0.1315035 0.1259855 0.0519453 0.0721835 0.0721835 0.0656634 0.0610418 0.0313920 0.0294902 0.0350474 0.0301919 0.0279820 0.1074317 0.1059628 0.1098708 0.1035465 0.1296660 0.1299684 0.1323374 0.0830405 0.0831633 0.0803424 0.0711891 0.0602325 0.0387090 0.0394289 0.0315952 0.0680066 0.0703394 0.0648771 0.0603849 0.1034182 0.1216562 0.1440114 0.0509267 0.0469942 0.0490444 0.0510633 0.0390597 0.0351370 0.0312340 0.0350435 0.0947836 0.0425904 0.0425904 0.0412903 0.0436617 0.0412777 0.0332342 0.0283032 0.0445939 0.0423463 0.0468075 0.0423043 0.0323772 0.0300018 0.0323772 0.0275696 0.0376492 0.0377547 0.0377448 0.0376393 0.0356164 0.0356343 0.0380395 0.0925687 0.0614599 0.0566677 0.0657018 0.0633201 0.0735449 0.0712428 0.0588432 0.0563297 0.0420357 0.0297240 0.0297796 0.0438464 0.0445976 0.0425246 0.0420277 0.0433884 0.0475229 0.0495916 0.0475125 0.0455265 0.0433883 0.0455152 0.0455585 0.0438661 0.0392129 0.0392129 0.0455790 0.0476461 0.0476707 0.0428819 0.0429954 0.0419344 0.0434381 0.0413232 0.0455790 0.0413538 0.0433384 0.0392129 0.0349550 0.0329142 0.0412648 0.0456105 0.0412467 0.0432858 0.0391055 0.0458214 0.0418951 0.0397908 0.0376725 
Acystopteris_tenuisectaE_4x__2     0.0016877 0.0067826 0.0102064 0.0084888 0.0171705 0.0154232 0.0000000 0.0067869 0.2535618 0.1551408 0.1574449 0.1496632 0.1551408 0.0052367 0.0123202 0.0140995 0.0123202 0.0052367 0.2384120 0.2130406 0.2166450 0.2171304 0.0056846 0.0095066 0.0056846 0.0095066 0.0075369 0.0056346 0.0113451 0.0098381 0.0113390 0.0094663 0.0113218 0.0097563 0.0097695 0.0727467 0.0705065 0.0864423 0.0745124 0.0638727 0.0723033 0.0639870 0.0599144 0.0702433 0.0681718 0.0659380 0.0789128 0.0702433 0.0702759 0.0638727 0.0703751 0.0352766 0.0442307 0.0380921 0.0502936 0.0490067 0.0446974 0.0370587 0.0389326 0.0466593 0.0471851 0.0472158 0.0486576 0.0505424 0.0505424 0.0466990 0.0644324 0.0811170 0.0745124 0.0689730 0.0668708 0.0647418 0.0604775 0.0703751 0.0702759 0.0704920 0.0389010 0.0631407 0.0298846 0.0353989 0.0502936 0.0486576 0.0466593 0.0466990 0.0967783 0.0908149 0.0937541 0.0912183 0.1324950 0.1263512 0.1208861 0.0519453 0.0752951 0.0752951 0.0567745 0.0522418 0.0315166 0.0296070 0.0310595 0.0302620 0.0280467 0.1041618 0.1027388 0.1066261 0.1002965 0.1303605 0.1306662 0.1330466 0.0780137 0.0781287 0.0753261 0.0650026 0.0538225 0.0327992 0.0373673 0.0293501 0.0613386 0.0636554 0.0630111 0.0583404 0.1014826 0.1197266 0.1420888 0.0511343 0.0471855 0.0492450 0.0512732 0.0391374 0.0352069 0.0312994 0.0372655 0.1014050 0.0404515 0.0404515 0.0390978 0.0414717 0.0390858 0.0333191 0.0283748 0.0447988 0.0425400 0.0470231 0.0424977 0.0348582 0.0324661 0.0348582 0.0300110 0.0377448 0.0378508 0.0378408 0.0377349 0.0357009 0.0357199 0.0381303 0.0930523 0.0593056 0.0545251 0.0636882 0.0613058 0.0691311 0.0691311 0.0589877 0.0564673 0.0421362 0.0298506 0.0299067 0.0440354 0.0425970 0.0405246 0.0422095 0.0435734 0.0477268 0.0498050 0.0477162 0.0457215 0.0435733 0.0457101 0.0457538 0.0418970 0.0393788 0.0393788 0.0457744 0.0478510 0.0478759 0.0429764 0.0430904 0.0399618 0.0436235 0.0414988 0.0457744 0.0415297 0.0435230 0.0393788 0.0350323 0.0330514 0.0414399 0.0458062 0.0414217 0.0434700 0.0392705 0.0438558 0.0399245 0.0378241 0.0357111 
Acystopteris_tenuisectaE_4x__1     0.0085094 0.0033866 0.0067935 0.0085041 0.0172021 0.0189476 0.0067869 0.0000000 0.2544719 0.1652992 0.1675959 0.1595728 0.1652992 0.0087742 0.0159240 0.0177177 0.0159240 0.0087742 0.2430560 0.2173731 0.2210131 0.2215123 0.0018915 0.0095258 0.0056951 0.0133853 0.0037625 0.0018752 0.0152128 0.0138548 0.0152046 0.0133283 0.0151814 0.0137389 0.0137576 0.0771356 0.0748649 0.0921207 0.0831576 0.0681402 0.0766620 0.0682639 0.0641526 0.0745833 0.0724919 0.0702260 0.0833527 0.0745833 0.0746181 0.0681402 0.0747242 0.0390104 0.0463404 0.0401566 0.0541782 0.0529250 0.0485342 0.0408037 0.0426979 0.0505216 0.0510930 0.0511271 0.0525465 0.0544479 0.0544479 0.0505646 0.0687405 0.0890751 0.0831576 0.0733489 0.0712254 0.0690724 0.0647587 0.0747242 0.0746181 0.0748491 0.0426627 0.0676280 0.0335770 0.0391469 0.0541782 0.0525465 0.0505216 0.0505646 0.0997822 0.0937541 0.0967242 0.0941732 0.1386199 0.1323446 0.1267849 0.0523770 0.0836142 0.0836142 0.0658672 0.0612299 0.0354211 0.0334934 0.0311737 0.0325704 0.0303406 0.1118585 0.1103105 0.1142887 0.1079043 0.1370013 0.1373262 0.1397108 0.0837302 0.0838551 0.0810076 0.0738651 0.0627412 0.0409055 0.0461413 0.0364536 0.0685127 0.0708644 0.0674886 0.0629011 0.1017003 0.1199912 0.1397091 0.0552366 0.0512505 0.0533362 0.0553866 0.0431060 0.0391297 0.0354191 0.0416644 0.1016910 0.0429007 0.0429007 0.0415980 0.0439879 0.0415852 0.0358774 0.0260204 0.0471427 0.0448669 0.0493816 0.0448220 0.0373635 0.0349544 0.0373635 0.0324760 0.0403026 0.0404165 0.0404058 0.0402920 0.0381099 0.0381303 0.0405635 0.0959209 0.0617867 0.0569663 0.0661896 0.0637884 0.0716166 0.0716166 0.0615494 0.0590054 0.0445606 0.0319733 0.0320338 0.0483290 0.0469390 0.0448493 0.0465096 0.0478187 0.0520141 0.0541125 0.0520026 0.0499955 0.0478186 0.0499829 0.0500310 0.0461637 0.0435740 0.0435740 0.0500539 0.0521507 0.0521778 0.0473597 0.0474864 0.0442228 0.0478742 0.0457222 0.0500539 0.0457563 0.0477630 0.0435740 0.0393968 0.0371560 0.0456568 0.0500889 0.0456365 0.0477043 0.0434532 0.0481306 0.0441811 0.0420564 0.0399162 
Hymenasplenium_repandulum_UNK__REF 0.2535618 0.2535618 0.2580517 0.2580517 0.2616341 0.2616341 0.2535618 0.2544719 0.0000000 0.3028447 0.3125922 0.3154170 0.3028447 0.2483769 0.2474884 0.2474884 0.2474884 0.2483769 0.3258314 0.3193186 0.3245318 0.3129174 0.2535618 0.2670188 0.2535618 0.2670188 0.2535618 0.2535618 0.2670188 0.2542207 0.2670188 0.2433695 0.2670188 0.2536391 0.2438494 0.2568675 0.2507487 0.2701282 0.2545659 0.2498527 0.2553627 0.2610659 0.2614210 0.2553627 0.2507487 0.2498527 0.2597856 0.2553627 0.2507487 0.2498527 0.2507487 0.2553465 0.2498330 0.2577836 0.2501709 0.2501709 0.2492827 0.2502714 0.2501709 0.2501709 0.2546524 0.2501709 0.2501709 0.2545497 0.2545497 0.2501709 0.2683142 0.2425691 0.2545659 0.2507487 0.2553627 0.2550192 0.2498527 0.2507487 0.2507487 0.2507487 0.2632514 0.2422844 0.2579342 0.2572390 0.2501709 0.2501709 0.2501709 0.2501709 0.2654696 0.2610538 0.2620192 0.2701489 0.2962710 0.2884803 0.2778517 0.0824001 0.2425691 0.2425691 0.2755431 0.2697383 0.2524056 0.2524056 0.2426387 0.2479401 0.2378175 0.2938785 0.2729930 0.2803317 0.2864635 0.3361379 0.3373067 0.3364950 0.2666435 0.2766189 0.2666435 0.2629087 0.2631395 0.2685570 0.2559952 0.2570785 0.2674693 0.2629087 0.2550192 0.2550192 0.2509739 0.2383891 0.2583832 0.2501709 0.2501709 0.2501709 0.2501709 0.2629471 0.2676374 0.2444527 0.2559952 0.2577367 0.2501709 0.2500535 0.2553465 0.2552260 0.2552260 0.2393427 0.2393427 0.2512853 0.2501709 0.2450601 0.2459342 0.2628756 0.2580575 0.2628756 0.2521822 0.2375324 0.2330284 0.2498615 0.2391382 0.2374426 0.2475420 0.2475420 0.2611701 0.2507487 0.2498527 0.2550192 0.2629087 0.2588500 0.2544462 0.2468457 0.2468457 0.2521125 0.2526245 0.2577915 0.2501709 0.2544300 0.2505061 0.2544300 0.2500535 0.2598745 0.2598745 0.2598745 0.2598745 0.2598745 0.2501709 0.2501709 0.2501709 0.2501709 0.2501709 0.2501709 0.2545497 0.2464614 0.2375366 0.2437621 0.2501709 0.2501709 0.2501709 0.2501709 0.2492827 0.2632514 0.2501709 0.2407470 0.2577915 0.2685570 0.2510656 0.2544300 0.2544300 0.2632514 0.2501709 0.2501709 0.2501709 0.2501709 
Blechnum_polypodioides_UNK__1      0.1515809 0.1579227 0.1642711 0.1609769 0.1670653 0.1637627 0.1551408 0.1652992 0.3028447 0.0000000 0.0078974 0.0221798 0.0000010 0.1578663 0.1574367 0.1605373 0.1574367 0.1578663 0.2566976 0.2373222 0.2335970 0.2417167 0.1587810 0.1587223 0.1587810 0.1587223 0.1579227 0.1615347 0.1578647 0.1609063 0.1578647 0.1619705 0.1578647 0.1620092 0.1615581 0.1406413 0.1336951 0.1468857 0.1432206 0.1302964 0.1367592 0.1654610 0.1622478 0.1337420 0.1336951 0.1302964 0.1497706 0.1337420 0.1368509 0.1302964 0.1336951 0.1449060 0.1586812 0.1594943 0.1539201 0.1567491 0.1544416 0.1477955 0.1480932 0.1545438 0.1603847 0.1573953 0.1547574 0.1579129 0.1579129 0.1547574 0.1448532 0.0831517 0.1432206 0.1327998 0.1296671 0.1295738 0.1262064 0.1336951 0.1368509 0.1336951 0.1556543 0.1340813 0.1424372 0.1495495 0.1539201 0.1547574 0.1545438 0.1547574 0.1600619 0.1527732 0.1563447 0.1597399 0.1463369 0.1527369 0.1337031 0.0723996 0.0829026 0.0829026 0.1346302 0.1342204 0.1437695 0.1437695 0.1347440 0.1578967 0.1543858 0.2245289 0.2163572 0.2218353 0.2190564 0.1653089 0.1691989 0.1758850 0.1382688 0.1385044 0.1351023 0.1364369 0.1293126 0.1439764 0.1549712 0.1525330 0.1336873 0.1367532 0.1333400 0.1292727 0.1954605 0.2106861 0.2273048 0.1574826 0.1512086 0.1547574 0.1581236 0.1499361 0.1565057 0.1559592 0.1583794 0.1832417 0.1516152 0.1548595 0.1485447 0.1548595 0.1517176 0.1596071 0.1672306 0.1513039 0.1551757 0.1580718 0.1513598 0.1599247 0.1564155 0.1599247 0.1603465 0.1631861 0.1631861 0.1672341 0.1666001 0.1634746 0.1629871 0.1629871 0.1659515 0.1324410 0.1258699 0.1336951 0.1335980 0.1440408 0.1373484 0.1341852 0.1378074 0.1583523 0.1452936 0.1456865 0.1551757 0.1568050 0.1569109 0.1579573 0.1544976 0.1609124 0.1640947 0.1608623 0.1580766 0.1544981 0.1547574 0.1481471 0.1567491 0.1477481 0.1477481 0.1547574 0.1579129 0.1481435 0.1658483 0.1550157 0.1539880 0.1547574 0.1512616 0.1547574 0.1514193 0.1592670 0.1477481 0.1524357 0.1480078 0.1452968 0.1513083 0.1478018 0.1575305 0.1556543 0.1559087 0.1573953 0.1539880 0.1504505 
Blechnum_polypodioides_UNK__2      0.1538844 0.1602175 0.1665561 0.1632649 0.1693412 0.1660421 0.1574449 0.1675959 0.3125922 0.0078974 0.0000000 0.0139533 0.0078974 0.1601604 0.1597256 0.1628215 0.1597256 0.1601604 0.2526206 0.2334223 0.2297213 0.2377804 0.1610855 0.1610262 0.1610855 0.1610262 0.1602175 0.1638299 0.1601588 0.1633190 0.1601588 0.1642704 0.1601588 0.1643496 0.1638931 0.1468342 0.1397903 0.1535129 0.1494174 0.1363449 0.1428838 0.1718701 0.1686269 0.1398396 0.1397903 0.1363449 0.1560398 0.1398396 0.1429801 0.1363449 0.1397903 0.1510625 0.1653662 0.1662190 0.1601491 0.1631051 0.1606942 0.1539699 0.1542825 0.1608009 0.1667913 0.1637816 0.1610248 0.1642100 0.1642100 0.1610248 0.1511267 0.0795863 0.1494174 0.1389782 0.1358130 0.1357147 0.1323031 0.1397903 0.1429801 0.1397903 0.1619635 0.1405972 0.1485939 0.1558075 0.1601491 0.1610248 0.1608009 0.1610248 0.1631714 0.1558274 0.1594251 0.1628422 0.1648408 0.1461554 0.1515949 0.0622379 0.0793494 0.0793494 0.1409016 0.1404703 0.1499907 0.1499907 0.1451601 0.1648025 0.1612534 0.2337671 0.2161567 0.2216282 0.2281931 0.1731920 0.1771727 0.1838364 0.1381734 0.1384092 0.1350091 0.1425447 0.1354404 0.1502080 0.1618688 0.1594462 0.1397826 0.1428765 0.1394177 0.1353985 0.2022724 0.2176884 0.2271365 0.1637596 0.1574272 0.1610248 0.1644301 0.1564547 0.1630895 0.1627713 0.1653098 0.1908256 0.1578524 0.1611312 0.1547545 0.1611312 0.1579595 0.1665959 0.1743209 0.1575266 0.1614621 0.1643751 0.1575849 0.1669308 0.1633856 0.1669308 0.1673740 0.1702153 0.1702153 0.1743254 0.1736603 0.1703863 0.1664559 0.1664559 0.1658333 0.1385998 0.1319482 0.1397903 0.1396888 0.1502761 0.1435014 0.1407073 0.1443810 0.1651503 0.1514682 0.1518805 0.1614621 0.1631636 0.1632744 0.1642552 0.1607525 0.1672308 0.1704431 0.1671784 0.1643810 0.1607532 0.1610248 0.1543390 0.1631051 0.1539201 0.1539201 0.1610248 0.1642100 0.1543347 0.1725000 0.1615271 0.1603341 0.1610248 0.1574826 0.1610248 0.1576470 0.1656264 0.1539201 0.1590738 0.1541940 0.1514724 0.1575305 0.1539764 0.1638107 0.1619635 0.1622278 0.1637816 0.1603341 0.1567491 
Blechnum_polypodioides_UNK__3      0.1461965 0.1523939 0.1585999 0.1553827 0.1613429 0.1581184 0.1496632 0.1595728 0.3154170 0.0221798 0.0139533 0.0000000 0.0221798 0.1523413 0.1519348 0.1549677 0.1519348 0.1523413 0.2564996 0.2371445 0.2334223 0.2415346 0.1532077 0.1531521 0.1532077 0.1531521 0.1523939 0.1559114 0.1523397 0.1550165 0.1523397 0.1563236 0.1523397 0.1562639 0.1558375 0.1460406 0.1390443 0.1530698 0.1486097 0.1356216 0.1483594 0.1668391 0.1605381 0.1453059 0.1390443 0.1356216 0.1551888 0.1453059 0.1422133 0.1356216 0.1390443 0.1464288 0.1569262 0.1610016 0.1523307 0.1550988 0.1528403 0.1492947 0.1465686 0.1529403 0.1586858 0.1557312 0.1531493 0.1562667 0.1562667 0.1531493 0.1503002 0.0759000 0.1486097 0.1382255 0.1413390 0.1349830 0.1315940 0.1390443 0.1422133 0.1390443 0.1571075 0.1397947 0.1478945 0.1510513 0.1523307 0.1531493 0.1529403 0.1531493 0.1631714 0.1558274 0.1594251 0.1628422 0.1715466 0.1525466 0.1580507 0.0622379 0.0756759 0.0756759 0.1436351 0.1431954 0.1453194 0.1453194 0.1504745 0.1594612 0.1559795 0.2274289 0.2101725 0.2155401 0.2219601 0.1731920 0.1771727 0.1838364 0.1381734 0.1384092 0.1350091 0.1417834 0.1347118 0.1455268 0.1565654 0.1541571 0.1390360 0.1421109 0.1386753 0.1346703 0.1908775 0.2058884 0.2150230 0.1558456 0.1496469 0.1531493 0.1564729 0.1514954 0.1580128 0.1575234 0.1599442 0.1858552 0.1500450 0.1563124 0.1470107 0.1563124 0.1531935 0.1577648 0.1652796 0.1497405 0.1535588 0.1564223 0.1497951 0.1614895 0.1580109 0.1614895 0.1619113 0.1612949 0.1612949 0.1652828 0.1646640 0.1616115 0.1577927 0.1577927 0.1583371 0.1378514 0.1312429 0.1390443 0.1389432 0.1494587 0.1427289 0.1399035 0.1435512 0.1598878 0.1468171 0.1472109 0.1535588 0.1582579 0.1552572 0.1563102 0.1559489 0.1623158 0.1654729 0.1622658 0.1595050 0.1559495 0.1531493 0.1466214 0.1550988 0.1462309 0.1462309 0.1531493 0.1562667 0.1466180 0.1640296 0.1533433 0.1523669 0.1531493 0.1496988 0.1531493 0.1498532 0.1606958 0.1462309 0.1507576 0.1495076 0.1468198 0.1497445 0.1493009 0.1558934 0.1571075 0.1542761 0.1557312 0.1523669 0.1488764 
Blechnum_polypodioides_UNK__4      0.1515809 0.1579227 0.1642711 0.1609769 0.1670653 0.1637627 0.1551408 0.1652992 0.3028447 0.0000010 0.0078974 0.0221798 0.0000000 0.1578663 0.1574367 0.1605373 0.1574367 0.1578663 0.2566976 0.2373222 0.2335970 0.2417167 0.1587810 0.1587223 0.1587810 0.1587223 0.1579227 0.1615347 0.1578647 0.1609063 0.1578647 0.1619705 0.1578647 0.1620092 0.1615581 0.1406413 0.1336951 0.1468857 0.1432206 0.1302964 0.1367592 0.1654610 0.1622478 0.1337420 0.1336951 0.1302964 0.1497706 0.1337420 0.1368509 0.1302964 0.1336951 0.1449060 0.1586812 0.1594943 0.1539201 0.1567491 0.1544416 0.1477955 0.1480932 0.1545438 0.1603847 0.1573953 0.1547574 0.1579129 0.1579129 0.1547574 0.1448532 0.0831517 0.1432206 0.1327998 0.1296671 0.1295738 0.1262064 0.1336951 0.1368509 0.1336951 0.1556543 0.1340813 0.1424372 0.1495495 0.1539201 0.1547574 0.1545438 0.1547574 0.1600619 0.1527732 0.1563447 0.1597399 0.1463369 0.1527369 0.1337031 0.0723996 0.0829026 0.0829026 0.1346302 0.1342204 0.1437695 0.1437695 0.1347440 0.1578967 0.1543858 0.2245289 0.2163572 0.2218353 0.2190564 0.1653089 0.1691989 0.1758850 0.1382688 0.1385044 0.1351023 0.1364369 0.1293126 0.1439764 0.1549712 0.1525330 0.1336873 0.1367532 0.1333400 0.1292727 0.1954605 0.2106861 0.2273048 0.1574826 0.1512086 0.1547574 0.1581236 0.1499361 0.1565057 0.1559592 0.1583794 0.1832417 0.1516152 0.1548595 0.1485447 0.1548595 0.1517176 0.1596071 0.1672306 0.1513039 0.1551757 0.1580718 0.1513598 0.1599247 0.1564155 0.1599247 0.1603465 0.1631861 0.1631861 0.1672341 0.1666001 0.1634746 0.1629871 0.1629871 0.1659515 0.1324410 0.1258699 0.1336951 0.1335980 0.1440408 0.1373484 0.1341852 0.1378074 0.1583523 0.1452936 0.1456865 0.1551757 0.1568050 0.1569109 0.1579573 0.1544976 0.1609124 0.1640947 0.1608623 0.1580766 0.1544981 0.1547574 0.1481471 0.1567491 0.1477481 0.1477481 0.1547574 0.1579129 0.1481435 0.1658483 0.1550157 0.1539880 0.1547574 0.1512616 0.1547574 0.1514193 0.1592670 0.1477481 0.1524357 0.1480078 0.1452968 0.1513083 0.1478018 0.1575305 0.1556543 0.1559087 0.1573953 0.1539880 0.1504505 
Acystopteris_taiwanianaB_UNK__1    0.0034800 0.0052281 0.0087417 0.0069794 0.0140760 0.0122918 0.0052367 0.0087742 0.2483769 0.1578663 0.1601604 0.1523413 0.1578663 0.0000000 0.0105238 0.0122945 0.0105238 0.0000010 0.2339127 0.2088345 0.2124055 0.2128777 0.0057694 0.0096491 0.0057694 0.0096491 0.0057172 0.0076497 0.0095614 0.0099907 0.0095562 0.0076589 0.0095416 0.0097539 0.0097671 0.0684687 0.0661919 0.0855061 0.0747177 0.0616749 0.0703211 0.0617755 0.0575975 0.0659401 0.0638257 0.0637938 0.0748962 0.0659401 0.0659714 0.0616749 0.0660665 0.0306832 0.0415729 0.0352888 0.0459799 0.0466352 0.0402712 0.0325044 0.0344167 0.0422631 0.0447628 0.0447932 0.0442894 0.0462121 0.0462121 0.0422995 0.0622172 0.0824571 0.0747177 0.0647192 0.0625710 0.0626584 0.0582780 0.0660665 0.0659714 0.0661781 0.0343950 0.0609248 0.0289348 0.0327132 0.0459799 0.0442894 0.0422631 0.0422995 0.0938332 0.0879315 0.0908411 0.0883197 0.1375488 0.1311147 0.1254128 0.0519453 0.0777886 0.0777886 0.0622471 0.0575858 0.0299917 0.0280639 0.0279076 0.0284731 0.0285247 0.1077730 0.1062943 0.1102172 0.1038730 0.1266078 0.1300287 0.1327358 0.0778482 0.0779627 0.0751668 0.0703100 0.0591472 0.0373565 0.0423707 0.0346227 0.0669999 0.0669999 0.0617194 0.0570721 0.0988425 0.1169396 0.1391111 0.0477900 0.0438148 0.0458813 0.0479205 0.0397123 0.0357207 0.0317819 0.0378742 0.0981826 0.0363566 0.0363566 0.0348906 0.0372840 0.0348798 0.0314432 0.0264314 0.0387083 0.0386886 0.0431999 0.0386498 0.0354992 0.0330616 0.0354992 0.0305589 0.0334988 0.0360607 0.0360511 0.0359488 0.0339816 0.0315930 0.0340100 0.0902378 0.0579824 0.0531387 0.0623000 0.0622338 0.0679777 0.0679777 0.0576151 0.0550612 0.0405252 0.0281925 0.0282461 0.0404278 0.0411308 0.0390315 0.0385689 0.0399998 0.0441792 0.0462713 0.0441694 0.0421556 0.0399997 0.0421450 0.0421856 0.0404468 0.0357859 0.0357859 0.0422048 0.0442953 0.0443185 0.0415031 0.0394394 0.0384818 0.0400462 0.0379132 0.0422048 0.0379416 0.0399619 0.0357859 0.0334359 0.0314691 0.0399323 0.0422344 0.0378421 0.0399040 0.0356944 0.0424324 0.0384454 0.0363206 0.0341843 
Acystopteris_taiwanianaB_UNK__2    0.0105261 0.0123001 0.0158644 0.0140733 0.0069809 0.0052247 0.0123202 0.0159240 0.2474884 0.1574367 0.1597256 0.1519348 0.1574367 0.0105238 0.0000000 0.0017362 0.0000010 0.0105238 0.2258515 0.2012389 0.2047566 0.2052087 0.0135838 0.0135806 0.0096666 0.0096643 0.0134597 0.0154371 0.0095763 0.0100070 0.0134492 0.0154561 0.0095564 0.0097695 0.0019353 0.0661917 0.0639331 0.0882194 0.0767472 0.0615728 0.0702036 0.0616732 0.0575027 0.0658307 0.0637210 0.0636882 0.0769309 0.0658307 0.0658619 0.0615728 0.0638114 0.0306378 0.0415051 0.0352328 0.0459102 0.0465634 0.0402105 0.0305902 0.0343656 0.0421992 0.0446940 0.0447243 0.0442220 0.0461414 0.0461414 0.0422355 0.0621136 0.0796509 0.0767472 0.0624475 0.0624662 0.0625534 0.0581810 0.0638114 0.0658619 0.0639199 0.0343439 0.0608186 0.0288920 0.0326644 0.0459102 0.0442220 0.0421992 0.0422355 0.0936091 0.0877242 0.0906256 0.0881108 0.1373835 0.1309590 0.1252649 0.0519453 0.0749091 0.0749091 0.0645352 0.0598492 0.0299457 0.0280209 0.0320093 0.0284221 0.0284735 0.1074317 0.1059628 0.1098708 0.1035465 0.1262683 0.1296779 0.1323848 0.0776605 0.0777744 0.0749862 0.0701888 0.0590437 0.0372962 0.0422968 0.0345572 0.0644826 0.0644826 0.0594209 0.0547302 0.0986325 0.1166847 0.1387956 0.0477146 0.0437458 0.0458099 0.0478447 0.0396505 0.0356656 0.0317301 0.0378087 0.0947836 0.0362785 0.0362785 0.0348139 0.0372018 0.0348032 0.0313712 0.0263715 0.0386399 0.0386202 0.0431230 0.0385815 0.0354303 0.0329976 0.0354303 0.0305001 0.0359086 0.0384829 0.0384727 0.0383634 0.0339184 0.0315346 0.0339468 0.0952296 0.0578753 0.0530415 0.0598125 0.0597493 0.0701814 0.0678538 0.0550603 0.0525296 0.0404502 0.0281460 0.0281995 0.0403605 0.0410620 0.0389655 0.0385045 0.0399340 0.0441060 0.0461953 0.0440962 0.0420859 0.0399339 0.0420753 0.0421158 0.0403795 0.0357274 0.0357274 0.0421349 0.0442217 0.0442448 0.0414322 0.0393719 0.0384176 0.0399802 0.0378510 0.0421349 0.0378794 0.0398962 0.0357274 0.0333785 0.0314184 0.0398667 0.0421645 0.0377802 0.0398385 0.0356363 0.0423617 0.0383812 0.0362603 0.0341278 
Acystopteris_taiwanianaB_UNK__4    0.0122972 0.0140764 0.0140733 0.0122894 0.0052247 0.0034763 0.0140995 0.0177177 0.2474884 0.1605373 0.1628215 0.1549677 0.1605373 0.0122945 0.0017362 0.0000000 0.0017362 0.0122945 0.2293887 0.2046109 0.2081466 0.2086070 0.0155478 0.0155440 0.0116173 0.0116145 0.0154055 0.0173928 0.0115087 0.0100070 0.0153935 0.0174142 0.0114848 0.0097695 0.0019353 0.0683040 0.0660333 0.0909158 0.0788894 0.0636572 0.0723210 0.0637610 0.0595767 0.0679298 0.0658132 0.0657793 0.0790782 0.0679298 0.0679621 0.0636572 0.0659078 0.0324853 0.0415051 0.0352328 0.0478143 0.0484957 0.0420976 0.0324347 0.0362249 0.0440962 0.0466235 0.0466543 0.0461299 0.0480562 0.0480562 0.0441343 0.0642163 0.0822163 0.0788894 0.0645622 0.0645814 0.0646717 0.0602804 0.0659078 0.0679621 0.0660197 0.0362020 0.0608186 0.0307405 0.0345268 0.0478143 0.0461299 0.0440962 0.0441343 0.0962552 0.0903304 0.0932508 0.0907285 0.1373835 0.1309590 0.1252649 0.0519453 0.0775540 0.0775540 0.0667971 0.0620890 0.0318633 0.0299322 0.0320093 0.0284221 0.0284735 0.1074317 0.1059628 0.1098708 0.1035465 0.1292834 0.1327159 0.1353650 0.0803200 0.0804382 0.0776346 0.0723685 0.0612518 0.0393187 0.0422968 0.0345572 0.0668204 0.0668204 0.0615672 0.0569277 0.1009933 0.1191329 0.1413581 0.0496964 0.0457159 0.0477892 0.0498322 0.0396505 0.0356656 0.0317301 0.0378087 0.0947836 0.0386137 0.0386137 0.0372018 0.0395982 0.0371903 0.0313712 0.0263715 0.0408545 0.0408336 0.0453546 0.0407926 0.0354303 0.0329976 0.0354303 0.0305001 0.0359086 0.0384829 0.0384727 0.0383634 0.0339184 0.0315346 0.0339468 0.0977890 0.0602045 0.0553457 0.0621339 0.0620680 0.0724970 0.0701609 0.0550603 0.0525296 0.0404502 0.0302032 0.0302607 0.0424446 0.0431835 0.0410810 0.0405944 0.0419954 0.0461830 0.0482786 0.0461727 0.0441582 0.0419953 0.0441471 0.0441897 0.0424646 0.0377702 0.0377702 0.0442099 0.0463035 0.0463286 0.0414322 0.0393719 0.0405038 0.0420441 0.0399046 0.0442099 0.0399345 0.0419555 0.0377702 0.0333785 0.0334326 0.0419244 0.0442409 0.0398297 0.0418946 0.0376736 0.0444490 0.0404655 0.0383352 0.0361911 
Acystopteris_tenuisectaC_4x__1     0.0105261 0.0123001 0.0158644 0.0140733 0.0069809 0.0052247 0.0123202 0.0159240 0.2474884 0.1574367 0.1597256 0.1519348 0.1574367 0.0105238 0.0000010 0.0017362 0.0000000 0.0105238 0.2258515 0.2012389 0.2047566 0.2052087 0.0135838 0.0135806 0.0096666 0.0096643 0.0134597 0.0154371 0.0095763 0.0100070 0.0134492 0.0154561 0.0095564 0.0097695 0.0019353 0.0661917 0.0639331 0.0882194 0.0767472 0.0615728 0.0702036 0.0616732 0.0575027 0.0658307 0.0637210 0.0636882 0.0769309 0.0658307 0.0658619 0.0615728 0.0638114 0.0306378 0.0415051 0.0352328 0.0459102 0.0465634 0.0402105 0.0305902 0.0343656 0.0421992 0.0446940 0.0447243 0.0442220 0.0461414 0.0461414 0.0422355 0.0621136 0.0796509 0.0767472 0.0624475 0.0624662 0.0625534 0.0581810 0.0638114 0.0658619 0.0639199 0.0343439 0.0608186 0.0288920 0.0326644 0.0459102 0.0442220 0.0421992 0.0422355 0.0936091 0.0877242 0.0906256 0.0881108 0.1373835 0.1309590 0.1252649 0.0519453 0.0749091 0.0749091 0.0645352 0.0598492 0.0299457 0.0280209 0.0320093 0.0284221 0.0284735 0.1074317 0.1059628 0.1098708 0.1035465 0.1262683 0.1296779 0.1323848 0.0776605 0.0777744 0.0749862 0.0701888 0.0590437 0.0372962 0.0422968 0.0345572 0.0644826 0.0644826 0.0594209 0.0547302 0.0986325 0.1166847 0.1387956 0.0477146 0.0437458 0.0458099 0.0478447 0.0396505 0.0356656 0.0317301 0.0378087 0.0947836 0.0362785 0.0362785 0.0348139 0.0372018 0.0348032 0.0313712 0.0263715 0.0386399 0.0386202 0.0431230 0.0385815 0.0354303 0.0329976 0.0354303 0.0305001 0.0359086 0.0384829 0.0384727 0.0383634 0.0339184 0.0315346 0.0339468 0.0952296 0.0578753 0.0530415 0.0598125 0.0597493 0.0701814 0.0678538 0.0550603 0.0525296 0.0404502 0.0281460 0.0281995 0.0403605 0.0410620 0.0389655 0.0385045 0.0399340 0.0441060 0.0461953 0.0440962 0.0420859 0.0399339 0.0420753 0.0421158 0.0403795 0.0357274 0.0357274 0.0421349 0.0442217 0.0442448 0.0414322 0.0393719 0.0384176 0.0399802 0.0378510 0.0421349 0.0378794 0.0398962 0.0357274 0.0333785 0.0314184 0.0398667 0.0421645 0.0377802 0.0398385 0.0356363 0.0423617 0.0383812 0.0362603 0.0341278 
Acystopteris_tenuisectaC_4x__2     0.0034800 0.0052281 0.0087417 0.0069794 0.0140760 0.0122918 0.0052367 0.0087742 0.2483769 0.1578663 0.1601604 0.1523413 0.1578663 0.0000010 0.0105238 0.0122945 0.0105238 0.0000000 0.2339127 0.2088345 0.2124055 0.2128777 0.0057694 0.0096491 0.0057694 0.0096491 0.0057172 0.0076497 0.0095614 0.0099907 0.0095562 0.0076589 0.0095416 0.0097539 0.0097671 0.0684687 0.0661919 0.0855061 0.0747177 0.0616749 0.0703211 0.0617755 0.0575975 0.0659401 0.0638257 0.0637938 0.0748962 0.0659401 0.0659714 0.0616749 0.0660665 0.0306832 0.0415729 0.0352888 0.0459799 0.0466352 0.0402712 0.0325044 0.0344167 0.0422631 0.0447628 0.0447932 0.0442894 0.0462121 0.0462121 0.0422995 0.0622172 0.0824571 0.0747177 0.0647192 0.0625710 0.0626584 0.0582780 0.0660665 0.0659714 0.0661781 0.0343950 0.0609248 0.0289348 0.0327132 0.0459799 0.0442894 0.0422631 0.0422995 0.0938332 0.0879315 0.0908411 0.0883197 0.1375488 0.1311147 0.1254128 0.0519453 0.0777886 0.0777886 0.0622471 0.0575858 0.0299917 0.0280639 0.0279076 0.0284731 0.0285247 0.1077730 0.1062943 0.1102172 0.1038730 0.1266078 0.1300287 0.1327358 0.0778482 0.0779627 0.0751668 0.0703100 0.0591472 0.0373565 0.0423707 0.0346227 0.0669999 0.0669999 0.0617194 0.0570721 0.0988425 0.1169396 0.1391111 0.0477900 0.0438148 0.0458813 0.0479205 0.0397123 0.0357207 0.0317819 0.0378742 0.0981826 0.0363566 0.0363566 0.0348906 0.0372840 0.0348798 0.0314432 0.0264314 0.0387083 0.0386886 0.0431999 0.0386498 0.0354992 0.0330616 0.0354992 0.0305589 0.0334988 0.0360607 0.0360511 0.0359488 0.0339816 0.0315930 0.0340100 0.0902378 0.0579824 0.0531387 0.0623000 0.0622338 0.0679777 0.0679777 0.0576151 0.0550612 0.0405252 0.0281925 0.0282461 0.0404278 0.0411308 0.0390315 0.0385689 0.0399998 0.0441792 0.0462713 0.0441694 0.0421556 0.0399997 0.0421450 0.0421856 0.0404468 0.0357859 0.0357859 0.0422048 0.0442953 0.0443185 0.0415031 0.0394394 0.0384818 0.0400462 0.0379132 0.0422048 0.0379416 0.0399619 0.0357859 0.0334359 0.0314691 0.0399323 0.0422344 0.0378421 0.0399040 0.0356944 0.0424324 0.0384454 0.0363206 0.0341843 
Pentarhizidium_intermedium_UNK__1  0.2340055 0.2340055 0.2375933 0.2337393 0.2332060 0.2293887 0.2384120 0.2430560 0.3258314 0.2566976 0.2526206 0.2564996 0.2566976 0.2339127 0.2258515 0.2293887 0.2258515 0.2339127 0.0000000 0.0158901 0.0179128 0.0138502 0.2347014 0.2310250 0.2347014 0.2310250 0.2340055 0.2384120 0.2303426 0.2193734 0.2303426 0.2391282 0.2303426 0.2157827 0.2113740 0.2294168 0.2207828 0.2282566 0.2356426 0.2128911 0.2243641 0.2455820 0.2382350 0.2281302 0.2207828 0.2128911 0.2360888 0.2281302 0.2207828 0.2128911 0.2207828 0.2337411 0.2290881 0.2237759 0.2289538 0.2163506 0.2369519 0.2332851 0.2259242 0.2335450 0.2168291 0.2208433 0.2339085 0.2375908 0.2375908 0.2339085 0.2225653 0.1274261 0.2356426 0.2127316 0.2127061 0.2053839 0.1977257 0.2207828 0.2207828 0.2207828 0.2332851 0.2141497 0.2227064 0.2264034 0.2289538 0.2339085 0.2335450 0.2339085 0.2403158 0.2360066 0.2405870 0.2448479 0.2818349 0.2686926 0.2642399 0.1151022 0.1274261 0.1274261 0.2296504 0.2288628 0.2327065 0.2241650 0.2397773 0.2245526 0.2239204 0.3298587 0.3075888 0.3063122 0.3229765 0.2626921 0.2676967 0.2718668 0.2267131 0.2235123 0.2229896 0.2241872 0.2089868 0.2234275 0.2333586 0.2303203 0.2242496 0.2278471 0.2207828 0.2054647 0.2870027 0.2927646 0.3129471 0.2332934 0.2295535 0.2339085 0.2379409 0.2205801 0.2204898 0.2301588 0.2292172 0.2456949 0.2246634 0.2393623 0.2333752 0.2444337 0.2407235 0.2240380 0.2410197 0.2297203 0.2339085 0.2297337 0.2218229 0.2308768 0.2269109 0.2308768 0.2315400 0.2281029 0.2281029 0.2328624 0.2319056 0.2319920 0.2312362 0.2312362 0.2570892 0.2084023 0.2006385 0.2207828 0.2168812 0.2341581 0.2259965 0.2182735 0.2226766 0.2357924 0.2286224 0.2293123 0.2339085 0.2272824 0.2239006 0.2295504 0.2445279 0.2446148 0.2483486 0.2521016 0.2490238 0.2445304 0.2339085 0.2210755 0.2134012 0.2253344 0.2253344 0.2339085 0.2375908 0.2377484 0.2247664 0.2204197 0.2139582 0.2339085 0.2296421 0.2339085 0.2373170 0.2369519 0.2253344 0.2221416 0.2322714 0.2293123 0.2260110 0.2363278 0.2295504 0.2332851 0.2272467 0.2178755 0.2139582 0.2098315 
